epochs: 20
final_loss: 0.019961483776569366
final_accuracy: 0.9957212805747986
final_val_loss: 0.05478077009320259
final_val_accuracy: 0.992682933807373
